uint8_t left_matrix[93][15] = {
{0,0,0,0,0,0,0,0,0,0,0,0,0,0,0},
{0,0,0,0,0,0,0,0,0,0,0,0,0,0,0},
{2,0,0,2,2,2,0,0,0,2,0,2,2,2,2},
{2,0,0,2,2,2,0,0,0,2,0,2,2,2,2},
{2,0,0,2,2,2,0,0,0,2,0,2,2,2,2},
{2,0,0,2,2,2,0,0,0,2,0,2,2,2,2},
{2,0,0,2,2,2,0,0,0,2,0,2,2,2,2},
{0,0,0,0,0,0,0,0,0,0,0,0,0,0,0},
{0,0,0,0,0,0,0,0,0,0,0,0,0,0,0},
{0,0,0,0,0,0,0,0,0,0,0,0,0,0,0},
{0,0,0,0,0,0,0,0,0,0,0,0,0,0,0},
{0,0,0,0,0,0,0,0,0,0,0,0,0,0,0},
{0,0,0,0,0,0,0,0,0,0,0,0,0,0,0},
{3,0,0,3,3,3,0,0,0,3,0,3,3,3,3},
{0,0,0,0,0,0,0,0,0,0,0,0,0,0,0},
{0,0,0,0,0,0,0,0,0,0,0,0,0,0,0},
{0,0,0,0,0,0,0,0,0,0,0,0,0,0,0},
{0,0,0,0,0,0,0,0,0,0,0,0,0,0,0},
{0,0,0,0,0,0,0,0,0,0,0,0,0,0,0},
{0,0,0,0,0,0,0,0,0,0,0,0,0,0,0},
{0,0,0,0,0,0,0,0,0,0,0,0,0,0,0},
{0,0,0,0,0,0,0,0,0,0,0,0,0,0,0},
{0,0,0,0,0,0,0,0,0,0,0,0,0,0,0},
{0,0,0,0,0,0,0,0,0,0,0,0,0,0,0},
{0,0,0,0,0,0,0,0,0,0,0,0,0,0,0},
{0,0,0,0,0,0,0,0,0,0,0,0,0,0,0},
{0,0,0,0,0,0,0,0,0,0,0,0,0,0,0},
{0,0,0,0,0,0,0,0,0,0,0,0,0,0,0},
{0,0,0,0,0,0,0,0,0,0,0,0,0,0,0},
{0,0,0,0,0,0,0,0,0,0,0,0,0,0,0},
{0,0,0,0,0,0,0,0,0,0,0,0,0,0,0},
{0,0,0,0,0,0,0,0,0,0,0,0,0,0,0},
{0,0,0,0,0,0,0,0,0,0,0,0,0,0,0},
{0,0,0,0,0,0,0,0,0,0,0,0,0,0,0},
{0,9,9,0,0,0,0,0,9,0,0,0,0,0,0},
{12,0,12,12,12,12,0,0,0,12,0,12,12,12,12},
{0,9,9,0,0,0,0,0,9,0,9,9,0,0,0},
{13,0,13,13,13,13,0,0,0,13,0,13,13,13,13},
{0,0,0,0,0,0,0,0,0,0,0,0,0,0,0},
{0,0,0,0,0,0,0,0,0,0,0,0,0,0,0},
{0,0,0,0,0,0,0,0,0,0,0,0,0,0,0},
{0,10,10,0,0,0,0,0,10,0,0,0,0,0,0},
{0,0,0,0,0,0,0,0,0,0,0,0,0,0,0},
{0,0,0,0,0,0,0,0,0,0,0,0,0,0,0},
{0,4,4,0,0,0,0,0,4,0,0,0,0,0,0},
{0,4,4,0,0,0,0,0,4,0,0,0,0,0,0},
{0,4,4,0,0,0,0,0,4,0,0,0,0,0,0},
{0,4,4,0,0,0,0,0,4,0,0,0,0,0,0},
{0,4,4,0,0,0,0,0,4,0,0,0,0,0,0},
{-5,4,4,-5,-5,0,0,0,4,0,0,0,0,0,0},
{-5,4,4,-5,-5,0,0,0,4,0,0,0,0,0,0},
{0,4,4,0,0,0,0,0,4,0,0,0,0,0,0},
{0,4,4,0,0,0,0,0,4,0,0,0,0,0,0},
{0,4,4,0,0,0,0,0,4,0,0,0,0,0,0},
{0,4,4,0,0,0,0,0,4,0,0,0,0,0,0},
{0,4,4,0,0,0,0,0,4,0,0,0,0,0,0},
{0,4,4,0,0,0,0,0,4,0,0,0,0,0,0},
{0,4,4,0,0,0,0,0,4,0,0,0,0,0,0},
{0,4,4,0,0,0,0,0,4,0,0,0,0,0,0},
{0,4,4,0,0,0,0,0,4,0,0,0,0,0,0},
{0,4,4,0,0,0,0,0,4,0,0,0,0,0,0},
{0,4,4,0,0,0,0,0,4,0,0,0,0,0,0},
{0,4,4,0,0,0,0,0,4,0,0,0,0,0,0},
{5,0,0,5,5,0,0,0,0,0,0,0,0,0,0},
{5,0,0,5,5,0,0,0,0,0,0,0,0,0,0},
{5,0,0,5,5,0,0,0,0,0,0,0,0,0,0},
{5,0,0,5,5,0,0,0,0,0,0,0,0,0,0},
{0,0,6,0,0,0,0,0,0,0,0,0,0,0,0},
{0,0,6,0,0,0,0,0,0,0,0,0,0,0,0},
{0,0,6,0,0,0,0,0,0,0,0,0,0,0,0},
{0,0,6,0,0,0,0,0,0,0,0,0,0,0,0},
{0,0,6,0,0,0,0,0,0,0,0,0,0,0,0},
{0,0,6,0,0,0,0,0,0,0,0,0,0,0,0},
{0,0,6,0,0,0,0,0,0,0,0,0,0,0,0},
{0,0,6,0,0,0,0,0,0,0,0,0,0,0,0},
{0,0,6,0,0,0,0,0,0,0,0,0,0,0,0},
{0,0,6,0,0,0,0,0,0,0,0,0,0,0,0},
{0,0,6,0,0,0,0,0,0,0,0,0,0,0,0},
{0,0,0,0,0,0,0,0,0,0,0,0,0,0,0},
{0,0,0,0,0,0,0,0,0,0,0,0,0,0,0},
{0,0,0,0,0,0,0,0,0,0,0,0,0,0,0},
{0,0,0,0,0,0,0,0,0,0,0,0,0,0,0},
{0,0,0,0,0,0,0,0,0,0,0,0,0,0,0},
{0,0,0,0,0,0,0,0,0,0,0,0,0,0,0},
{0,0,0,0,0,0,0,0,0,0,0,0,0,0,0},
{0,0,0,0,0,0,0,0,0,0,0,0,0,0,0},
{0,0,0,0,0,0,0,0,0,0,0,0,0,0,0},
{0,0,0,0,0,0,0,0,0,0,0,0,0,0,0},
{0,0,0,0,0,0,0,0,0,0,0,0,0,0,0},
{0,0,0,0,0,0,0,0,0,0,0,0,0,0,0},
{0,0,0,0,0,0,0,0,0,0,0,0,0,0,0},
{0,0,0,0,0,0,0,0,0,0,0,0,0,0,0},
{2,0,0,0,0,0,0,0,0,0,0,0,0,0,0},
};
uint8_t right_matrix[93][15] = {
{0,0,0,0,0,0,0,0,0,0,0,0,0,0,0},
{0,0,0,0,0,0,0,0,0,0,0,0,0,0,0},
{0,0,0,0,0,0,0,0,0,0,0,0,0,0,0},
{0,0,0,0,0,0,0,0,0,0,0,0,0,0,0},
{0,0,0,0,0,0,0,0,0,0,0,0,0,0,0},
{0,0,0,0,0,0,0,0,0,0,0,0,0,0,0},
{0,0,0,0,0,0,0,0,0,0,0,0,0,0,0},
{0,0,0,0,0,0,0,0,0,0,0,0,0,0,0},
{0,0,0,0,0,0,0,0,0,0,0,0,0,0,0},
{0,0,0,0,0,0,0,0,0,0,0,0,0,0,0},
{0,0,0,0,0,0,0,0,0,0,0,0,0,0,0},
{0,0,0,0,0,0,0,0,0,0,0,0,0,0,0},
{0,0,0,0,0,0,0,0,0,0,0,0,0,0,0},
{0,0,0,0,0,0,0,0,0,0,0,0,0,0,0},
{0,0,0,0,0,0,0,0,0,0,0,0,0,0,0},
{0,0,0,0,0,0,0,0,0,0,0,0,0,0,0},
{0,0,0,0,0,0,0,0,0,0,0,0,0,0,0},
{0,0,0,0,0,0,0,0,0,0,0,0,0,0,0},
{0,0,0,0,0,0,0,0,0,0,0,0,0,0,0},
{0,0,0,0,0,0,0,0,0,0,0,0,0,0,0},
{0,0,0,0,0,0,0,0,0,0,0,0,0,0,0},
{0,0,0,0,0,0,0,0,0,0,0,0,0,0,0},
{0,0,0,0,0,0,0,0,0,0,0,0,0,0,0},
{0,0,0,0,0,0,0,0,0,0,0,0,0,0,0},
{0,0,0,0,0,0,0,0,0,0,0,0,0,0,0},
{0,0,0,0,0,0,0,0,0,0,0,0,0,0,0},
{0,0,0,0,0,0,0,0,0,0,0,0,0,0,0},
{0,0,0,0,0,0,0,0,0,0,0,0,0,0,0},
{0,0,0,0,0,0,0,0,0,0,0,0,0,0,0},
{0,0,0,0,0,0,0,0,0,0,0,0,0,0,0},
{0,0,0,0,0,0,0,0,0,0,0,0,0,0,0},
{0,0,0,0,0,0,0,0,0,0,0,0,0,0,0},
{0,0,0,0,0,0,0,0,0,0,0,0,0,0,0},
{0,0,0,0,0,0,0,0,0,0,0,0,0,0,0},
{0,0,0,0,0,0,0,0,0,0,0,0,0,0,0},
{0,0,0,0,0,0,0,0,0,0,0,0,0,0,0},
{0,0,0,0,0,0,0,0,0,0,0,0,0,0,0},
{0,0,0,0,0,0,0,0,0,0,0,0,0,0,0},
{0,0,0,0,0,0,0,0,0,0,0,0,0,0,0},
{0,0,0,0,0,0,0,0,0,0,0,0,0,0,0},
{0,0,0,0,0,0,0,0,0,0,0,0,0,0,0},
{0,11,11,0,0,0,0,0,11,0,0,0,0,0,0},
{0,0,0,0,0,0,0,0,0,0,0,0,0,0,0},
{0,0,0,0,0,0,0,0,0,0,0,0,0,0,0},
{0,9,9,0,0,0,0,0,9,0,0,0,0,0,0},
{0,9,9,0,0,0,0,0,9,0,0,0,0,0,0},
{0,9,9,0,0,0,0,0,9,0,0,0,0,0,0},
{0,9,9,0,0,0,0,0,9,0,0,0,0,0,0},
{0,9,9,0,0,0,0,0,9,0,0,0,0,0,0},
{0,9,9,0,0,0,0,0,9,0,0,0,0,0,0},
{0,9,9,0,0,0,0,0,9,0,0,0,0,0,0},
{0,9,9,0,0,0,0,0,9,0,0,0,0,0,0},
{0,9,9,0,0,0,0,0,9,0,0,0,0,0,0},
{0,9,9,0,0,0,0,0,9,0,0,0,0,0,0},
{0,9,9,0,0,0,0,0,9,0,0,0,0,0,0},
{0,9,9,0,0,0,0,0,9,0,0,0,0,0,0},
{0,9,9,0,0,0,0,0,9,0,0,0,0,0,0},
{0,9,9,0,0,0,0,0,9,0,0,0,0,0,0},
{0,9,9,0,0,0,0,0,9,0,0,0,0,0,0},
{0,9,9,0,0,0,0,0,9,0,0,0,0,0,0},
{0,9,9,0,0,0,0,0,9,0,0,0,0,0,0},
{0,9,9,0,0,0,0,0,9,0,0,0,0,0,0},
{0,9,9,0,0,0,0,0,9,0,0,0,0,0,0},
{0,0,0,0,0,0,0,0,0,0,0,0,0,0,0},
{0,0,0,0,0,0,0,0,0,0,0,0,0,0,0},
{0,0,0,0,0,0,0,0,0,0,0,0,0,0,0},
{0,0,0,0,0,0,0,0,0,0,0,0,0,0,0},
{0,0,0,0,0,0,0,0,0,0,0,0,0,0,0},
{0,0,0,0,0,0,0,0,0,0,0,0,0,0,0},
{0,0,0,0,0,0,0,0,0,0,0,0,0,0,0},
{0,0,0,0,0,0,0,0,0,0,0,0,0,0,0},
{0,0,0,0,0,0,0,0,0,0,0,0,0,0,0},
{0,0,0,0,0,0,0,0,0,0,0,0,0,0,0},
{0,0,0,0,0,0,0,0,0,0,0,0,0,0,0},
{0,0,0,0,0,0,0,0,0,0,0,0,0,0,0},
{0,0,0,0,0,0,0,0,0,0,0,0,0,0,0},
{0,0,0,0,0,0,0,0,0,0,0,0,0,0,0},
{0,0,0,0,0,0,0,0,0,0,0,0,0,0,0},
{0,0,0,0,0,0,0,0,0,0,0,0,0,0,0},
{0,0,0,0,0,0,0,0,0,0,0,0,0,0,0},
{0,0,0,0,0,0,0,0,0,0,0,0,0,0,0},
{0,0,0,0,0,0,0,0,0,0,0,0,0,0,0},
{0,0,0,0,0,0,0,0,0,0,0,0,0,0,0},
{0,0,0,0,0,0,0,0,0,0,0,0,0,0,0},
{0,0,0,0,0,0,0,0,0,0,0,0,0,0,0},
{0,0,0,0,0,0,0,0,0,0,0,0,0,0,0},
{0,0,0,0,0,0,0,0,0,0,0,0,0,0,0},
{0,0,0,0,0,0,0,0,0,0,0,0,0,0,0},
{0,0,0,0,0,0,0,0,0,0,0,0,0,0,0},
{0,0,0,0,0,0,0,0,0,0,0,0,0,0,0},
{0,0,0,0,0,0,0,0,0,0,0,0,0,0,0},
{0,0,0,0,0,0,0,0,0,0,0,0,0,0,0},
{0,0,0,0,0,0,0,0,0,0,0,0,0,0,0},
};
#define GM_ERROR 0
#define GM_NEWLINE 1
#define GM_ATOM 2
#define GM_IDENTIFIER 3
#define GM_BINOP 4
#define GM_UNOP 5
#define GM_ASSIGNOP 6
#define GM_STATEMENT 7
#define GM_ASSIGNMENT_EXPRESSION 8
#define GM_EXPRESSION 9
#define GM_UNBALANCED_LIST 10
#define GM_BALANCED_LIST 11
#define GM_LPARA 12
#define GM_LBRACK 13
#define GM_SEMICOLON 14
#define GM_COMMA 15
#define GRAMMAR_TOKENS_AS_STRINGS()\
"GM_ERROR",\
"GM_NEWLINE",\
"GM_ATOM",\
"GM_IDENTIFIER",\
"GM_BINOP",\
"GM_UNOP",\
"GM_ASSIGNOP",\
"GM_STATEMENT",\
"GM_ASSIGNMENT_EXPRESSION",\
"GM_EXPRESSION",\
"GM_UNBALANCED_LIST",\
"GM_BALANCED_LIST",\
"GM_LPARA",\
"GM_LBRACK",\
"GM_SEMICOLON",\
"GM_COMMA",\
const char * gm_name_array[15]
